=== INTENTO 3 === 
Se subio el learning rate de 1e-4 a 2e-3.

Proximamente se vuelve a 1e-3 y
- bajar paciencia del early stoppinng a 10
- bajar la paciencia del ReduceLROnPlateau a 3

=== REPORT - TRANSFER LEARNING MEDIA PIPE LSA ===

              precision    recall  f1-score   support

        como       1.00      1.00      1.00        11
      cuando       1.00      1.00      1.00        11
       donde       1.00      1.00      1.00        11
         que       1.00      1.00      1.00        11
     quienes       0.00      0.00      0.00         0
          si       1.00      1.00      1.00        15
          no       1.00      1.00      1.00        14
     cuantos       1.00      1.00      1.00        11
        bien       1.00      1.00      1.00        10
         mal       1.00      0.90      0.95        10
           0       0.64      0.82      0.72        11
           1       0.93      1.00      0.96        13
           2       1.00      0.85      0.92        13
           3       0.93      1.00      0.96        13
           4       0.92      0.92      0.92        13
           5       0.85      0.92      0.88        12
           6       1.00      1.00      1.00        13
           7       1.00      1.00      1.00        14
           8       1.00      1.00      1.00        14
           9       1.00      1.00      1.00        14
           A       1.00      0.90      0.95        10
           B       0.73      0.62      0.67        13
           C       0.81      1.00      0.90        13
           D       0.68      0.87      0.76        15
           E       1.00      1.00      1.00        14
           F       1.00      1.00      1.00        11
           G       0.91      1.00      0.95        10
           H       1.00      1.00      1.00        14
           I       1.00      1.00      1.00        13
           J       1.00      1.00      1.00        12
           K       1.00      1.00      1.00        11
           L       1.00      0.64      0.78        11
           M       0.91      0.91      0.91        11
           N       0.77      0.91      0.83        11
           ñ       0.00      0.00      0.00         0
           O       1.00      0.36      0.53        11
           P       0.92      0.79      0.85        14
           Q       1.00      1.00      1.00        11
           R       0.91      1.00      0.95        10
           S       1.00      1.00      1.00        13
           T       1.00      1.00      1.00        11
           U       0.90      0.90      0.90        10
           V       1.00      1.00      1.00        10
           W       1.00      1.00      1.00        16
           X       0.93      1.00      0.96        13
           Y       1.00      1.00      1.00        11
           Z       1.00      1.00      1.00        15
          yo       0.93      1.00      0.96        13
         vos       1.00      1.00      1.00        13
     el_ella       0.91      1.00      0.95        10
    nosotros       1.00      1.00      1.00        10
       ellos       1.00      1.00      1.00        11
        hola       0.81      0.93      0.87        14
        chau       0.90      0.90      0.90        10
       lugar       1.00      1.00      1.00        10
      nombre       0.92      0.92      0.92        13
    apellido       1.00      1.00      1.00        10
   documento       1.00      1.00      1.00        11
         dia       1.00      1.00      1.00        12
        hora       1.00      1.00      1.00        11
     familia       1.00      1.00      1.00        15
        mama       1.00      1.00      1.00        12
        papa       1.00      0.93      0.97        15
   hermano_a       1.00      1.00      1.00        15
       tener       1.00      1.00      1.00         9
    cuchillo       1.00      1.00      1.00        10
       brazo       1.00      1.00      1.00        11
        cara       1.00      1.00      1.00        10
      hijo_a       0.00      0.00      0.00         0
      numero       1.00      1.00      1.00        11
        años       0.00      0.00      0.00         0
         ojo       0.91      1.00      0.95        10
    esposo_a       1.00      0.90      0.95        10
        casa       1.00      1.00      1.00        12
       calle       1.00      1.00      1.00        10
       lunes       0.92      1.00      0.96        12
      martes       1.00      0.86      0.92        14
   miercoles       0.93      1.00      0.96        13
      jueves       1.00      0.93      0.96        14
     viernes       1.00      1.00      1.00        13
      sabado       1.00      1.00      1.00        10
     domingo       1.00      1.00      1.00        10
       plaza       1.00      1.00      1.00        11
   ahora_hoy       1.00      1.00      1.00        10
        ayer       1.00      1.00      1.00        14
       poder       1.00      1.00      1.00        13
       robar       1.00      1.00      1.00        10
      llevar       1.00      1.00      1.00        14
        tuyo       1.00      1.00      1.00        10
         ver       1.00      1.00      1.00        11
      llamar       1.00      0.90      0.95        10
     repetir       1.00      1.00      1.00        13
       vivir       1.00      1.00      1.00        11
    vivir_en       1.00      1.00      1.00        11

    accuracy                           0.96      1070
   macro avg       0.93      0.92      0.92      1070
weighted avg       0.97      0.96      0.96      1070
