=== INTENTO 1 === 
Se descongelaron todas las capas.
Proximamente se baja el leraning rate de 1e-3 a 1e-4

=== REPORT - TRANSFER LEARNING MEDIA PIPE LSA ===

              precision    recall  f1-score   support

        como       1.00      1.00      1.00        11
      cuando       1.00      1.00      1.00        11
       donde       0.92      1.00      0.96        11
         que       1.00      0.91      0.95        11
     quienes       0.00      0.00      0.00         0
          si       1.00      1.00      1.00        15
          no       1.00      1.00      1.00        14
     cuantos       1.00      1.00      1.00        11
        bien       1.00      1.00      1.00        10
         mal       1.00      1.00      1.00        10
           0       0.83      0.91      0.87        11
           1       1.00      1.00      1.00        13
           2       1.00      0.92      0.96        13
           3       0.93      1.00      0.96        13
           4       0.93      1.00      0.96        13
           5       0.92      0.92      0.92        12
           6       1.00      1.00      1.00        13
           7       1.00      1.00      1.00        14
           8       1.00      1.00      1.00        14
           9       1.00      1.00      1.00        14
           A       1.00      1.00      1.00        10
           B       1.00      0.62      0.76        13
           C       0.93      1.00      0.96        13
           D       0.71      1.00      0.83        15
           E       1.00      1.00      1.00        14
           F       1.00      0.91      0.95        11
           G       1.00      1.00      1.00        10
           H       1.00      1.00      1.00        14
           I       1.00      1.00      1.00        13
           J       1.00      1.00      1.00        12
           K       1.00      1.00      1.00        11
           L       1.00      0.82      0.90        11
           M       1.00      1.00      1.00        11
           N       0.79      1.00      0.88        11
           ñ       0.00      0.00      0.00         0
           O       0.89      0.73      0.80        11
           P       1.00      0.79      0.88        14
           Q       1.00      1.00      1.00        11
           R       0.90      0.90      0.90        10
           S       1.00      1.00      1.00        13
           T       1.00      1.00      1.00        11
           U       1.00      0.90      0.95        10
           V       0.91      1.00      0.95        10
           W       1.00      1.00      1.00        16
           X       1.00      1.00      1.00        13
           Y       1.00      1.00      1.00        11
           Z       1.00      1.00      1.00        15
          yo       1.00      1.00      1.00        13
         vos       1.00      1.00      1.00        13
     el_ella       1.00      1.00      1.00        10
    nosotros       1.00      1.00      1.00        10
       ellos       1.00      1.00      1.00        11
        hola       1.00      1.00      1.00        14
        chau       1.00      1.00      1.00        10
       lugar       1.00      1.00      1.00        10
      nombre       0.92      0.92      0.92        13
    apellido       1.00      1.00      1.00        10
   documento       1.00      1.00      1.00        11
         dia       1.00      1.00      1.00        12
        hora       1.00      1.00      1.00        11
     familia       1.00      1.00      1.00        15
        mama       1.00      1.00      1.00        12
        papa       1.00      1.00      1.00        15
   hermano_a       1.00      1.00      1.00        15
       tener       1.00      1.00      1.00         9
    cuchillo       1.00      1.00      1.00        10
       brazo       1.00      1.00      1.00        11
        cara       1.00      1.00      1.00        10
      hijo_a       0.00      0.00      0.00         0
      numero       1.00      1.00      1.00        11
        años       0.00      0.00      0.00         0
         ojo       1.00      1.00      1.00        10
    esposo_a       1.00      1.00      1.00        10
        casa       1.00      1.00      1.00        12
       calle       1.00      1.00      1.00        10
       lunes       1.00      1.00      1.00        12
      martes       1.00      0.93      0.96        14
   miercoles       1.00      1.00      1.00        13
      jueves       0.93      1.00      0.97        14
     viernes       1.00      1.00      1.00        13
      sabado       1.00      1.00      1.00        10
     domingo       1.00      1.00      1.00        10
       plaza       1.00      1.00      1.00        11
   ahora_hoy       1.00      1.00      1.00        10
        ayer       1.00      1.00      1.00        14
       poder       1.00      1.00      1.00        13
       robar       1.00      1.00      1.00        10
      llevar       1.00      1.00      1.00        14
        tuyo       1.00      1.00      1.00        10
         ver       1.00      1.00      1.00        11
      llamar       0.91      1.00      0.95        10
     repetir       1.00      1.00      1.00        13
       vivir       1.00      1.00      1.00        11
    vivir_en       1.00      1.00      1.00        11

    accuracy                           0.98      1070
   macro avg       0.94      0.94      0.94      1070
weighted avg       0.98      0.98      0.98      1070
