=== INTENTO 4 === 
Se vuelvio a 1e-3 y
- se bajo paciencia del early stoppinng a 10
- se bajo la paciencia del ReduceLROnPlateau a 3

=== REPORT - TRANSFER LEARNING MEDIA PIPE LSA ===

              precision    recall  f1-score   support

        como       0.91      0.91      0.91        11
      cuando       1.00      1.00      1.00        11
       donde       1.00      0.91      0.95        11
         que       1.00      1.00      1.00        11
     quienes       0.00      0.00      0.00         0
          si       1.00      1.00      1.00        15
          no       1.00      1.00      1.00        14
     cuantos       1.00      0.82      0.90        11
        bien       1.00      1.00      1.00        10
         mal       1.00      0.90      0.95        10
           0       0.80      0.73      0.76        11
           1       0.85      0.85      0.85        13
           2       0.91      0.77      0.83        13
           3       0.83      0.77      0.80        13
           4       0.75      0.92      0.83        13
           5       0.79      0.92      0.85        12
           6       1.00      0.85      0.92        13
           7       1.00      1.00      1.00        14
           8       1.00      1.00      1.00        14
           9       1.00      1.00      1.00        14
           A       1.00      0.70      0.82        10
           B       0.64      0.54      0.58        13
           C       0.92      0.92      0.92        13
           D       0.65      0.87      0.74        15
           E       1.00      1.00      1.00        14
           F       0.92      1.00      0.96        11
           G       1.00      0.80      0.89        10
           H       1.00      1.00      1.00        14
           I       1.00      1.00      1.00        13
           J       1.00      1.00      1.00        12
           K       1.00      0.91      0.95        11
           L       0.90      0.82      0.86        11
           M       0.92      1.00      0.96        11
           N       0.82      0.82      0.82        11
           ñ       0.00      0.00      0.00         0
           O       0.78      0.64      0.70        11
           P       1.00      0.86      0.92        14
           Q       1.00      1.00      1.00        11
           R       1.00      1.00      1.00        10
           S       0.93      1.00      0.96        13
           T       0.85      1.00      0.92        11
           U       1.00      0.70      0.82        10
           V       1.00      1.00      1.00        10
           W       0.88      0.94      0.91        16
           X       1.00      1.00      1.00        13
           Y       1.00      1.00      1.00        11
           Z       1.00      1.00      1.00        15
          yo       0.76      1.00      0.87        13
         vos       1.00      0.92      0.96        13
     el_ella       0.83      1.00      0.91        10
    nosotros       1.00      1.00      1.00        10
       ellos       1.00      1.00      1.00        11
        hola       0.93      1.00      0.97        14
        chau       1.00      0.80      0.89        10
       lugar       1.00      1.00      1.00        10
      nombre       0.92      0.92      0.92        13
    apellido       1.00      1.00      1.00        10
   documento       1.00      1.00      1.00        11
         dia       1.00      1.00      1.00        12
        hora       1.00      1.00      1.00        11
     familia       1.00      1.00      1.00        15
        mama       0.86      1.00      0.92        12
        papa       0.88      1.00      0.94        15
   hermano_a       1.00      1.00      1.00        15
       tener       1.00      1.00      1.00         9
    cuchillo       1.00      1.00      1.00        10
       brazo       1.00      1.00      1.00        11
        cara       1.00      1.00      1.00        10
      hijo_a       0.00      0.00      0.00         0
      numero       1.00      1.00      1.00        11
        años       0.00      0.00      0.00         0
         ojo       1.00      1.00      1.00        10
    esposo_a       1.00      1.00      1.00        10
        casa       1.00      1.00      1.00        12
       calle       1.00      1.00      1.00        10
       lunes       0.86      1.00      0.92        12
      martes       1.00      0.93      0.96        14
   miercoles       0.87      1.00      0.93        13
      jueves       1.00      1.00      1.00        14
     viernes       1.00      1.00      1.00        13
      sabado       1.00      0.90      0.95        10
     domingo       1.00      1.00      1.00        10
       plaza       1.00      1.00      1.00        11
   ahora_hoy       1.00      1.00      1.00        10
        ayer       1.00      1.00      1.00        14
       poder       0.93      1.00      0.96        13
       robar       1.00      1.00      1.00        10
      llevar       1.00      1.00      1.00        14
        tuyo       1.00      1.00      1.00        10
         ver       1.00      1.00      1.00        11
      llamar       1.00      0.90      0.95        10
     repetir       1.00      1.00      1.00        13
       vivir       1.00      1.00      1.00        11
    vivir_en       1.00      1.00      1.00        11

    accuracy                           0.95      1070
   macro avg       0.91      0.91      0.91      1070
weighted avg       0.95      0.95      0.95      1070
